Called from: socketSelect(socklist)
[[1]]
[1] 0.2221978 0.2228295 0.2218764 0.2344618

[[2]]
[1] 0.2943751 0.2990310 0.2987222 0.3212398

[[3]]
[1] 0.9220928 0.9410253 0.9351368 0.9089399

[[4]]
[1] 0.9539071 0.9648146 0.9612591 0.9499969

[[5]]
[1] 166.386 118.574 108.587 105.303

[[1]]
[1] 0.2221978 0.2228295 0.2218764 0.2344618

[[2]]
[1] 0.2943751 0.2990310 0.2987222 0.3212398

[[3]]
[1] 0.9220928 0.9410253 0.9351368 0.9089399

[[4]]
[1] 0.9539071 0.9648146 0.9612591 0.9499969

[[5]]
[1] 166.386 118.574 108.587 105.303

NULL
